name: VEBA-annotate_env
channels:
  - bioconda
  - conda-forge
  - defaults
  - etetoolkit
  - r
dependencies:
  - _libgcc_mutex=0.1=conda_forge
  - _openmp_mutex=4.5=1_gnu
  - alsa-lib=1.2.3=h516909a_0
  - biopython=1.79=py37h5e8e339_1
  - boost-cpp=1.74.0=h312852a_4
  - bzip2=1.0.8=h7f98852_4
  - ca-certificates=2021.10.8=ha878542_0
  - dbus=1.13.6=h48d8840_2
  - diamond=2.0.11=hdcc8f71_0
  - easel=0.48=h779adbc_0
  - eggnog-mapper=2.1.6=pyhdfd78af_0
  - ete3=3.1.2=pyh9f0ad1d_0
  - expat=2.4.1=h9c3ff4c_0
  - fontconfig=2.13.1=hba837de_1005
  - freetype=2.10.4=h0708190_1
  - gawk=5.1.0=h7f98852_0
  - gdbm=1.18=h0a1914f_2
  - gettext=0.19.8.1=h0b5b191_1005
  - glib=2.68.4=h9c3ff4c_0
  - glib-tools=2.68.4=h9c3ff4c_0
  - gmp=6.2.1=h58526e2_0
  - gst-plugins-base=1.18.4=hf529b03_2
  - gstreamer=1.18.4=h76c114f_2
  - hmmer=3.3.2=h1b792b2_1
  - icu=68.1=h58526e2_0
  - jpeg=9d=h36c2ea0_0
  - kofamscan=1.3.0=hdfd78af_2
  - krb5=1.19.2=hcc1bbae_0
  - ld_impl_linux-64=2.36.1=hea4e1c9_2
  - libblas=3.9.0=11_linux64_openblas
  - libcblas=3.9.0=11_linux64_openblas
  - libclang=11.1.0=default_ha53f305_1
  - libedit=3.1.20191231=he28a2e2_2
  - libevent=2.1.10=hcdb4288_3
  - libffi=3.3=h58526e2_2
  - libgcc=7.2.0=h69d50b8_2
  - libgcc-ng=11.1.0=hc902ee8_8
  - libgfortran-ng=11.1.0=h69a702a_8
  - libgfortran5=11.1.0=h6c583b3_8
  - libglib=2.68.4=h3e27bee_0
  - libgomp=11.1.0=hc902ee8_8
  - libiconv=1.16=h516909a_0
  - libidn2=2.3.2=h7f98852_0
  - liblapack=3.9.0=11_linux64_openblas
  - libllvm11=11.1.0=hf817b99_2
  - libogg=1.3.4=h7f98852_1
  - libopenblas=0.3.17=pthreads_h8fe5266_1
  - libopus=1.3.1=h7f98852_1
  - libpng=1.6.37=h21135ba_2
  - libpq=13.3=hd57d9b9_0
  - libstdcxx-ng=11.1.0=h56837e0_8
  - libunistring=0.9.10=h7f98852_0
  - libuuid=2.32.1=h7f98852_1000
  - libvorbis=1.3.7=h9c3ff4c_0
  - libxcb=1.13=h7f98852_1003
  - libxkbcommon=1.0.3=he3ba5ed_0
  - libxml2=2.9.12=h72842e0_0
  - libxslt=1.1.33=h15afd5d_2
  - lxml=4.7.1=py37h77fd288_0
  - lz4-c=1.9.3=h9c3ff4c_1
  - mmseqs2=13.45111=h95f258a_1
  - mysql-common=8.0.25=ha770c72_2
  - mysql-libs=8.0.25=hfa10184_2
  - ncurses=6.2=h58526e2_4
  - nspr=4.30=h9c3ff4c_0
  - nss=3.69=hb5efdd6_0
  - numpy=1.21.4=py37h31617e3_0
  - openssl=1.1.1l=h7f98852_0
  - parallel=20170422=pl5.22.0_0
  - pcre=8.45=h9c3ff4c_0
  - perl=5.22.0.1=0
  - pigz=2.6=h27826a3_0
  - pip=21.3.1=pyhd8ed1ab_0
  - prodigal=2.6.3=h779adbc_3
  - psutil=5.8.0=py37h5e8e339_2
  - pthread-stubs=0.4=h36c2ea0_1001
  - pyqt=5.12.3=py37h89c1867_8
  - pyqt-impl=5.12.3=py37hac37412_8
  - pyqt5-sip=4.19.18=py37hcd2ae1e_8
  - pyqtchart=5.12=py37he336c9b_8
  - pyqtwebengine=5.12.1=py37he336c9b_8
  - python=3.7.11=h12debd9_0
  - python_abi=3.7=2_cp37m
  - qt=5.12.9=hda022c4_4
  - readline=8.1=h46c0cb4_0
  - ruby=2.7.2=he592edb_3
  - scipy=1.7.3=py37hf2a6cf1_0
  - setuptools=59.6.0=py37h89c1867_0
  - six=1.16.0=pyh6c4a22f_0
  - sqlite=3.36.0=h9cd32fc_0
  - tk=8.6.11=h21135ba_0
  - wget=1.20.3=ha56f1ee_1
  - wheel=0.37.0=pyhd8ed1ab_1
  - xorg-kbproto=1.0.7=h7f98852_1002
  - xorg-libice=1.0.10=h7f98852_0
  - xorg-libsm=1.2.3=hd9c2040_1000
  - xorg-libx11=1.7.2=h7f98852_0
  - xorg-libxau=1.0.9=h7f98852_0
  - xorg-libxdmcp=1.1.3=h7f98852_0
  - xorg-libxext=1.3.4=h7f98852_1
  - xorg-libxrender=0.9.10=h7f98852_1003
  - xorg-renderproto=0.11.1=h7f98852_1002
  - xorg-xextproto=7.3.0=h7f98852_1002
  - xorg-xproto=7.0.31=h7f98852_1007
  - xz=5.2.5=h516909a_1
  - yaml=0.2.5=h516909a_0
  - zlib=1.2.11=h516909a_1010
  - zstd=1.5.0=ha95c52a_0
  - pip:
    - backports-zoneinfo==0.2.1
    - bz2file==0.98
    - certifi==2021.10.8
    - charset-normalizer==2.0.10
    - genopype==2020.3.27
    - idna==3.3
    - pandas==1.3.5
    - pathlib2==2.3.6
    - python-dateutil==2.8.2
    - pytz==2021.3
    - pytz-deprecation-shim==0.1.0.post0
    - requests==2.27.1
    - scandir==1.10.0
    - soothsayer-utils==2022.1.19
    - tqdm==4.62.3
    - tzdata==2021.5
    - tzlocal==4.1
    - urllib3==1.26.8
