name: VEBA-cluster_env__v2023.12.8
channels:
  - conda-forge
  - bioconda
  - jolespin
  - defaults
dependencies:
  - _libgcc_mutex=0.1=conda_forge
  - _openmp_mutex=4.5=2_gnu
  - aria2=1.36.0=h1e4e653_3
  - biopython=1.80=py311hd4cff14_0
  - blast=2.14.1=pl5321h6f7f691_0
  - brotlipy=0.7.0=py311hd4cff14_1005
  - bz2file=0.98=py_0
  - bzip2=1.0.8=h7f98852_4
  - c-ares=1.18.1=h7f98852_0
  - ca-certificates=2023.11.17=hbcca054_0
  - certifi=2023.11.17=pyhd8ed1ab_0
  - cffi=1.15.1=py311h409f033_3
  - charset-normalizer=2.1.1=pyhd8ed1ab_0
  - colorama=0.4.6=pyhd8ed1ab_0
  - coreutils=9.3=h0b41bf4_0
  - cryptography=39.0.0=py311h9b4c7bb_0
  - curl=8.1.2=h409715c_0
  - diamond=2.1.8=h43eeafb_0
  - entrez-direct=16.2=he881be0_1
  - fastani=1.34=h4dfc31f_1
  - gawk=5.1.0=h7f98852_0
  - genopype=2023.5.15=py_0
  - gettext=0.21.1=h27087fc_0
  - gsl=2.7=he838d99_0
  - icu=70.1=h27087fc_0
  - idna=3.4=pyhd8ed1ab_0
  - keyutils=1.6.1=h166bdaf_0
  - krb5=1.20.1=h81ceb04_0
  - ld_impl_linux-64=2.40=h41732ed_0
  - libblas=3.9.0=16_linux64_openblas
  - libcblas=3.9.0=16_linux64_openblas
  - libcurl=8.1.2=h409715c_0
  - libedit=3.1.20191231=he28a2e2_2
  - libev=4.33=h516909a_1
  - libffi=3.4.2=h7f98852_5
  - libgcc-ng=12.2.0=h65d4601_19
  - libgfortran-ng=12.2.0=h69a702a_19
  - libgfortran5=12.2.0=h337968e_19
  - libgomp=12.2.0=h65d4601_19
  - libiconv=1.17=h166bdaf_0
  - libidn2=2.3.4=h166bdaf_0
  - liblapack=3.9.0=16_linux64_openblas
  - libnghttp2=1.52.0=h61bc06f_0
  - libnsl=2.0.0=h7f98852_0
  - libopenblas=0.3.21=pthreads_h78a6416_3
  - libsqlite=3.40.0=h753d276_0
  - libssh2=1.10.0=hf14f497_3
  - libstdcxx-ng=12.2.0=h46fd767_19
  - libunistring=0.9.10=h7f98852_0
  - libuuid=2.32.1=h7f98852_1000
  - libxml2=2.10.3=h7463322_0
  - libzlib=1.2.13=h166bdaf_4
  - mmseqs2=14.7e284=pl5321hf1761c0_0
  - ncbi-vdb=3.0.0=pl5321h87f3376_0
  - ncurses=6.3=h27087fc_1
  - networkx=3.0=pyhd8ed1ab_0
  - numpy=1.24.1=py311h8e6699e_0
  - openssl=3.2.0=hd590300_1
  - pandas=1.5.3=py311h2872171_0
  - pathlib2=2.3.7.post1=py311h38be061_2
  - pcre=8.45=h9c3ff4c_0
  - perl=5.32.1=2_h7f98852_perl5
  - perl-archive-tar=2.40=pl5321hdfd78af_0
  - perl-carp=1.38=pl5321hdfd78af_4
  - perl-common-sense=3.75=pl5321hdfd78af_0
  - perl-compress-raw-bzip2=2.201=pl5321h87f3376_1
  - perl-compress-raw-zlib=2.105=pl5321h87f3376_0
  - perl-encode=3.19=pl5321hec16e2b_1
  - perl-exporter=5.72=pl5321hdfd78af_2
  - perl-exporter-tiny=1.002002=pl5321hdfd78af_0
  - perl-extutils-makemaker=7.70=pl5321hd8ed1ab_0
  - perl-io-compress=2.201=pl5321hdbdd923_2
  - perl-io-zlib=1.14=pl5321hdfd78af_0
  - perl-json=4.10=pl5321hdfd78af_0
  - perl-json-xs=2.34=pl5321h4ac6f70_6
  - perl-list-moreutils=0.430=pl5321hdfd78af_0
  - perl-list-moreutils-xs=0.430=pl5321h031d066_2
  - perl-parent=0.236=pl5321hdfd78af_2
  - perl-pathtools=3.75=pl5321hec16e2b_3
  - perl-scalar-list-utils=1.62=pl5321hec16e2b_1
  - perl-types-serialiser=1.01=pl5321hdfd78af_0
  - pip=23.0=pyhd8ed1ab_0
  - pycparser=2.21=pyhd8ed1ab_0
  - pyopenssl=23.0.0=pyhd8ed1ab_0
  - pysocks=1.7.1=pyha2e5f31_6
  - python=3.11.0=he550d4f_1_cpython
  - python-dateutil=2.8.2=pyhd8ed1ab_0
  - python-tzdata=2022.7=pyhd8ed1ab_0
  - python_abi=3.11=3_cp311
  - pytz=2022.7.1=pyhd8ed1ab_0
  - pytz-deprecation-shim=0.1.0.post0=py311h38be061_3
  - readline=8.1.2=h0f457ee_0
  - requests=2.28.2=pyhd8ed1ab_0
  - scandir=1.10.0=py311hd4cff14_6
  - seqkit=2.3.1=h9ee0642_0
  - setuptools=66.1.1=pyhd8ed1ab_0
  - six=1.16.0=pyh6c4a22f_0
  - skani=0.2.1=h4ac6f70_0
  - soothsayer_utils=2022.6.24=py_0
  - tk=8.6.12=h27826a3_0
  - tqdm=4.64.1=pyhd8ed1ab_0
  - tzdata=2022g=h191b570_0
  - tzlocal=4.2=py311h38be061_2
  - urllib3=1.26.14=pyhd8ed1ab_0
  - wget=1.20.3=ha35d2d1_1
  - wheel=0.38.4=pyhd8ed1ab_0
  - xz=5.2.6=h166bdaf_0
  - zlib=1.2.13=h166bdaf_4
  - zstd=1.5.5=hfc55251_0