name: VEBA-database_env__v2023.11.30
channels:
  - conda-forge
  - bioconda
  - jolespin
  - defaults
dependencies:
  - _libgcc_mutex=0.1=conda_forge
  - _openmp_mutex=4.5=2_gnu
  - aria2=1.36.0=h43d1f13_4
  - blast=2.14.0=h7d5a4b4_1
  - brotli=1.0.9=h166bdaf_8
  - brotli-bin=1.0.9=h166bdaf_8
  - bz2file=0.98=py_0
  - bzip2=1.0.8=h7f98852_4
  - c-ares=1.19.1=hd590300_0
  - ca-certificates=2023.11.17=hbcca054_0
  - certifi=2023.11.17=pyhd8ed1ab_0
  - charset-normalizer=3.1.0=pyhd8ed1ab_0
  - colorama=0.4.6=pyhd8ed1ab_0
  - coreutils=9.3=h0b41bf4_0
  - curl=8.1.2=h409715c_0
  - diamond=2.1.7=h43eeafb_1
  - entrez-direct=16.2=he881be0_1
  - gawk=5.1.0=h7f98852_0
  - genopype=2023.5.15=py_0
  - gettext=0.21.1=h27087fc_0
  - icu=72.1=hcb278e6_0
  - idna=3.4=pyhd8ed1ab_0
  - k8=0.2.5=hdcf5f25_4
  - keyutils=1.6.1=h166bdaf_0
  - krb5=1.20.1=h81ceb04_0
  - ld_impl_linux-64=2.40=h41732ed_0
  - libblas=3.9.0=17_linux64_openblas
  - libbrotlicommon=1.0.9=h166bdaf_8
  - libbrotlidec=1.0.9=h166bdaf_8
  - libbrotlienc=1.0.9=h166bdaf_8
  - libcblas=3.9.0=17_linux64_openblas
  - libcurl=8.1.2=h409715c_0
  - libedit=3.1.20191231=he28a2e2_2
  - libev=4.33=h516909a_1
  - libexpat=2.5.0=hcb278e6_1
  - libffi=3.4.2=h7f98852_5
  - libgcc-ng=13.1.0=he5830b7_0
  - libgfortran-ng=13.1.0=h69a702a_0
  - libgfortran5=13.1.0=h15d22d2_0
  - libgomp=13.1.0=he5830b7_0
  - libiconv=1.17=h166bdaf_0
  - libidn2=2.3.4=h166bdaf_0
  - liblapack=3.9.0=17_linux64_openblas
  - libnghttp2=1.52.0=h61bc06f_0
  - libnsl=2.0.0=h7f98852_0
  - libopenblas=0.3.23=pthreads_h80387f5_0
  - libsqlite=3.42.0=h2797004_0
  - libssh2=1.11.0=h0841786_0
  - libstdcxx-ng=13.1.0=hfd8a6a1_0
  - libunistring=0.9.10=h7f98852_0
  - libuuid=2.38.1=h0b41bf4_0
  - libxml2=2.11.4=h0d562d8_0
  - libzlib=1.2.13=hd590300_5
  - minimap2=2.26=he4a0461_2
  - mmseqs2=14.7e284=pl5321h6a68c12_2
  - ncurses=6.4=hcb278e6_0
  - numpy=1.25.0=py311h64a7726_0
  - openssl=3.2.0=hd590300_1
  - pandas=2.0.2=py311h320fe9a_0
  - pathlib2=2.3.7.post1=py311h38be061_2
  - pcre=8.45=h9c3ff4c_0
  - perl=5.32.1=2_h7f98852_perl5
  - perl-archive-tar=2.40=pl5321hdfd78af_0
  - perl-carp=1.50=pl5321hd8ed1ab_0
  - perl-common-sense=3.75=pl5321hd8ed1ab_0
  - perl-compress-raw-bzip2=2.201=pl5321h166bdaf_0
  - perl-compress-raw-zlib=2.202=pl5321h166bdaf_0
  - perl-encode=3.19=pl5321h166bdaf_0
  - perl-exporter=5.74=pl5321hd8ed1ab_0
  - perl-exporter-tiny=1.002002=pl5321hd8ed1ab_0
  - perl-extutils-makemaker=7.70=pl5321hd8ed1ab_0
  - perl-io-compress=2.201=pl5321hdbdd923_2
  - perl-io-zlib=1.14=pl5321hdfd78af_0
  - perl-json=4.10=pl5321hdfd78af_0
  - perl-json-xs=2.34=pl5321h4ac6f70_6
  - perl-list-moreutils=0.430=pl5321hdfd78af_0
  - perl-list-moreutils-xs=0.430=pl5321h031d066_2
  - perl-parent=0.241=pl5321hd8ed1ab_0
  - perl-pathtools=3.75=pl5321h166bdaf_0
  - perl-scalar-list-utils=1.63=pl5321h166bdaf_0
  - perl-storable=3.15=pl5321h166bdaf_0
  - perl-types-serialiser=1.01=pl5321hdfd78af_0
  - pip=23.1.2=pyhd8ed1ab_0
  - pysocks=1.7.1=pyha2e5f31_6
  - python=3.11.4=hab00c5b_0_cpython
  - python-dateutil=2.8.2=pyhd8ed1ab_0
  - python-tzdata=2023.3=pyhd8ed1ab_0
  - python_abi=3.11=3_cp311
  - pytz=2023.3=pyhd8ed1ab_0
  - readline=8.2=h8228510_1
  - requests=2.31.0=pyhd8ed1ab_0
  - scandir=1.10.0=py311hd4cff14_6
  - seqkit=2.4.0=h9ee0642_0
  - setuptools=67.7.2=pyhd8ed1ab_0
  - six=1.16.0=pyh6c4a22f_0
  - soothsayer_utils=2022.6.24=py_0
  - tar=1.34=hb2e2bae_1
  - tk=8.6.12=h27826a3_0
  - tqdm=4.65.0=pyhd8ed1ab_1
  - tzdata=2023c=h71feb2d_0
  - tzlocal=5.0.1=py311h38be061_0
  - unzip=6.0=h7f98852_3
  - urllib3=2.0.3=pyhd8ed1ab_0
  - wget=1.20.3=ha35d2d1_1
  - wheel=0.40.0=pyhd8ed1ab_0
  - xz=5.2.6=h166bdaf_0
  - zlib=1.2.13=hd590300_5
  - zstd=1.5.2=h3eb15da_6