name: VEBA-database_env
channels:
  - jolespin
  - bioconda
  - conda-forge
  - defaults
  - etetoolkit
  - r
dependencies:
  - _libgcc_mutex=0.1=conda_forge
  - _openmp_mutex=4.5=1_gnu
  - alsa-lib=1.2.3=h516909a_0
  - boost-cpp=1.74.0=h312852a_4
  - brotlipy=0.7.0=py39hb9d737c_1004
  - bz2file=0.98=py_0
  - bzip2=1.0.8=h7f98852_4
  - ca-certificates=2021.10.8=ha878542_0
  - certifi=2021.10.8=py39hf3d152e_2
  - cffi=1.15.0=py39h4bc2ebd_0
  - charset-normalizer=2.0.12=pyhd8ed1ab_0
  - colorama=0.4.4=pyh9f0ad1d_0
  - cryptography=36.0.2=py39hd97740a_1
  - dbus=1.13.6=h5008d03_3
  - diamond=2.0.14=hb97b32f_1
  - ete3=3.1.2=pyh9f0ad1d_0
  - expat=2.4.8=h27087fc_0
  - fontconfig=2.14.0=h8e229c2_0
  - freetype=2.10.4=h0708190_1
  - gawk=5.1.0=h7f98852_0
  - genopype=2021.8.18=py_0
  - gettext=0.19.8.1=h73d1719_1008
  - gst-plugins-base=1.18.5=hf529b03_3
  - gstreamer=1.18.5=h9f60fe5_3
  - icu=68.2=h9c3ff4c_0
  - idna=3.3=pyhd8ed1ab_0
  - jpeg=9e=h166bdaf_1
  - keyutils=1.6.1=h166bdaf_0
  - krb5=1.19.3=h3790be6_0
  - ld_impl_linux-64=2.36.1=hea4e1c9_2
  - libblas=3.9.0=14_linux64_openblas
  - libcblas=3.9.0=14_linux64_openblas
  - libclang=11.1.0=default_ha53f305_1
  - libedit=3.1.20191231=he28a2e2_2
  - libevent=2.1.10=h9b69904_4
  - libffi=3.4.2=h7f98852_5
  - libgcc-ng=11.2.0=h1d223b6_15
  - libgfortran-ng=11.2.0=h69a702a_15
  - libgfortran5=11.2.0=h5c6108e_15
  - libglib=2.70.2=h174f98d_4
  - libgomp=11.2.0=h1d223b6_15
  - libiconv=1.16=h516909a_0
  - libidn2=2.3.2=h7f98852_0
  - liblapack=3.9.0=14_linux64_openblas
  - libllvm11=11.1.0=hf817b99_3
  - libnsl=2.0.0=h7f98852_0
  - libogg=1.3.4=h7f98852_1
  - libopenblas=0.3.20=pthreads_h78a6416_0
  - libopus=1.3.1=h7f98852_1
  - libpng=1.6.37=h21135ba_2
  - libpq=13.5=hd57d9b9_1
  - libstdcxx-ng=11.2.0=he4da1e4_15
  - libunistring=0.9.10=h7f98852_0
  - libuuid=2.32.1=h7f98852_1000
  - libvorbis=1.3.7=h9c3ff4c_0
  - libxcb=1.13=h7f98852_1004
  - libxkbcommon=1.0.3=he3ba5ed_0
  - libxml2=2.9.10=h72842e0_4
  - libxslt=1.1.33=h15afd5d_2
  - libzlib=1.2.11=h166bdaf_1014
  - lxml=4.8.0=py39hb9d737c_3
  - lz4-c=1.9.3=h9c3ff4c_1
  - mmseqs2=13.45111=pl5321hf1761c0_2
  - mysql-common=8.0.28=haf5c9bc_4
  - mysql-libs=8.0.28=h28c427c_4
  - ncurses=6.3=h27087fc_1
  - nspr=4.32=h9c3ff4c_1
  - nss=3.77=h2350873_0
  - numpy=1.22.3=py39h18676bf_2
  - openssl=1.1.1n=h166bdaf_0
  - pandas=1.4.2=py39h1832856_1
  - pathlib2=2.3.7.post1=py39hf3d152e_1
  - pcre=8.45=h9c3ff4c_0
  - perl=5.32.1=2_h7f98852_perl5
  - pip=22.0.4=pyhd8ed1ab_0
  - pthread-stubs=0.4=h36c2ea0_1001
  - pycparser=2.21=pyhd8ed1ab_0
  - pyopenssl=22.0.0=pyhd8ed1ab_0
  - pyqt=5.12.3=py39hf3d152e_8
  - pyqt-impl=5.12.3=py39hde8b62d_8
  - pyqt5-sip=4.19.18=py39he80948d_8
  - pyqtchart=5.12=py39h0fcd23e_8
  - pyqtwebengine=5.12.1=py39h0fcd23e_8
  - pysocks=1.7.1=py39hf3d152e_5
  - python=3.9.12=h9a8a25e_1_cpython
  - python-dateutil=2.8.2=pyhd8ed1ab_0
  - python-tzdata=2022.1=pyhd8ed1ab_0
  - python_abi=3.9=2_cp39
  - pytz=2022.1=pyhd8ed1ab_0
  - qt=5.12.9=hda022c4_4
  - readline=8.1=h46c0cb4_0
  - requests=2.27.1=pyhd8ed1ab_0
  - scandir=1.10.0=py39hb9d737c_5
  - scipy=1.8.0=py39hee8e79c_1
  - setuptools=62.1.0=py39hf3d152e_0
  - six=1.16.0=pyh6c4a22f_0
  - soothsayer_utils=2022.2.9=py_0
  - sqlite=3.38.2=h4ff8645_0
  - tar=1.34=ha1f6473_0
  - tk=8.6.12=h27826a3_0
  - tqdm=4.64.0=pyhd8ed1ab_0
  - tzdata=2022a=h191b570_0
  - tzlocal=3.0=py39hf3d152e_2
  - urllib3=1.26.9=pyhd8ed1ab_0
  - wget=1.20.3=ha56f1ee_1
  - wheel=0.37.1=pyhd8ed1ab_0
  - xorg-kbproto=1.0.7=h7f98852_1002
  - xorg-libice=1.0.10=h7f98852_0
  - xorg-libsm=1.2.3=hd9c2040_1000
  - xorg-libx11=1.7.2=h7f98852_0
  - xorg-libxau=1.0.9=h7f98852_0
  - xorg-libxdmcp=1.1.3=h7f98852_0
  - xorg-libxext=1.3.4=h7f98852_1
  - xorg-libxrender=0.9.10=h7f98852_1003
  - xorg-renderproto=0.11.1=h7f98852_1002
  - xorg-xextproto=7.3.0=h7f98852_1002
  - xorg-xproto=7.0.31=h7f98852_1007
  - xz=5.2.5=h516909a_1
  - zlib=1.2.11=h166bdaf_1014
  - zstd=1.5.2=ha95c52a_0
