name: VEBA-annotate_env__v2024.11.7
channels:
  - bioconda
  - conda-forge
  - defaults
  - jolespin
dependencies:
  - _libgcc_mutex=0.1=conda_forge
  - _openmp_mutex=4.5=2_gnu
  - biopython=1.83=py312h98912ed_0
  - blast=2.15.0=pl5321h6f7f691_1
  - brotli-python=1.1.0=py312h30efb56_1
  - bz2file=0.98=py_0
  - bzip2=1.0.8=hd590300_5
  - c-ares=1.28.1=hd590300_0
  - ca-certificates=2024.8.30=hbcca054_0
  - certifi=2024.8.30=pyhd8ed1ab_0
  - charset-normalizer=3.3.2=pyhd8ed1ab_0
  - colorama=0.4.6=pyhd8ed1ab_0
  - curl=8.8.0=he654da7_0
  - diamond=2.1.9=h43eeafb_0
  - entrez-direct=22.1=he881be0_0
  - genopype=2023.5.15=py_0
  - gettext=0.22.5=h59595ed_2
  - gettext-tools=0.22.5=h59595ed_2
  - idna=3.7=pyhd8ed1ab_0
  - keyutils=1.6.1=h166bdaf_0
  - krb5=1.21.2=h659d440_0
  - ld_impl_linux-64=2.40=hf3520f5_2
  - libasprintf=0.22.5=h661eb56_2
  - libasprintf-devel=0.22.5=h661eb56_2
  - libblas=3.9.0=22_linux64_openblas
  - libcblas=3.9.0=22_linux64_openblas
  - libcurl=8.8.0=hca28451_0
  - libedit=3.1.20191231=he28a2e2_2
  - libev=4.33=hd590300_2
  - libexpat=2.6.2=h59595ed_0
  - libffi=3.4.2=h7f98852_5
  - libgcc=14.1.0=h77fa898_1
  - libgcc-ng=14.1.0=h69a702a_1
  - libgettextpo=0.22.5=h59595ed_2
  - libgettextpo-devel=0.22.5=h59595ed_2
  - libgfortran=14.1.0=h69a702a_1
  - libgfortran-ng=14.1.0=h69a702a_1
  - libgfortran5=14.1.0=hc5f4f2c_1
  - libgomp=14.1.0=h77fa898_1
  - libidn2=2.3.7=hd590300_0
  - liblapack=3.9.0=22_linux64_openblas
  - libnghttp2=1.58.0=h47da74e_1
  - libnsl=2.0.1=hd590300_0
  - libopenblas=0.3.27=pthreads_h413a1c8_0
  - libsqlite=3.45.3=h2797004_0
  - libssh2=1.11.0=h0841786_0
  - libstdcxx-ng=13.2.0=hc0a3c3a_7
  - libunistring=0.9.10=h7f98852_0
  - libuuid=2.38.1=h0b41bf4_0
  - libxcrypt=4.4.36=hd590300_1
  - libzlib=1.2.13=h4ab18f5_6
  - ncbi-vdb=3.1.1=h4ac6f70_0
  - ncurses=6.5=h59595ed_0
  - networkx=3.3=pyhd8ed1ab_1
  - numpy=1.26.4=py312heda63a1_0
  - openssl=3.3.2=hb9d3cd8_0
  - pandas=2.2.2=py312h1d6d2e6_1
  - pathlib2=2.3.7.post1=py312h7900ff3_3
  - pcre=8.45=h9c3ff4c_0
  - perl=5.32.1=7_hd590300_perl5
  - perl-archive-tar=2.40=pl5321hdfd78af_0
  - perl-carp=1.50=pl5321hd8ed1ab_0
  - perl-common-sense=3.75=pl5321hd8ed1ab_0
  - perl-compress-raw-bzip2=2.201=pl5321h166bdaf_0
  - perl-compress-raw-zlib=2.202=pl5321h166bdaf_0
  - perl-encode=3.21=pl5321hd590300_0
  - perl-exporter=5.74=pl5321hd8ed1ab_0
  - perl-exporter-tiny=1.002002=pl5321hd8ed1ab_0
  - perl-extutils-makemaker=7.70=pl5321hd8ed1ab_0
  - perl-io-compress=2.201=pl5321hdbdd923_2
  - perl-io-zlib=1.14=pl5321hdfd78af_0
  - perl-json=4.10=pl5321hdfd78af_0
  - perl-json-xs=2.34=pl5321h4ac6f70_6
  - perl-list-moreutils=0.430=pl5321hdfd78af_0
  - perl-list-moreutils-xs=0.430=pl5321h031d066_2
  - perl-parent=0.241=pl5321hd8ed1ab_0
  - perl-pathtools=3.75=pl5321h166bdaf_0
  - perl-scalar-list-utils=1.63=pl5321h166bdaf_0
  - perl-storable=3.15=pl5321h166bdaf_0
  - perl-types-serialiser=1.01=pl5321hdfd78af_0
  - pip=24.0=pyhd8ed1ab_0
  - psutil=5.9.8=py312h98912ed_0
  - pyhmmer=0.10.12=py312hf67a6ed_1
  - pysocks=1.7.1=pyha2e5f31_6
  - python=3.12.3=hab00c5b_0_cpython
  - python-dateutil=2.9.0=pyhd8ed1ab_0
  - python-tzdata=2024.1=pyhd8ed1ab_0
  - python_abi=3.12=4_cp312
  - pytz=2024.1=pyhd8ed1ab_0
  - readline=8.2=h8228510_1
  - requests=2.32.3=pyhd8ed1ab_0
  - scandir=1.10.0=py312h98912ed_7
  - scipy=1.14.1=py312h7d485d2_0
  - seqkit=2.8.2=h9ee0642_0
  - setuptools=70.0.0=pyhd8ed1ab_0
  - six=1.16.0=pyh6c4a22f_0
  - soothsayer_utils=2022.6.24=py_0
  - tk=8.6.13=noxft_h4845f30_101
  - tqdm=4.66.4=pyhd8ed1ab_0
  - tzdata=2024a=h0c530f3_0
  - tzlocal=5.2=py312h7900ff3_0
  - urllib3=2.2.1=pyhd8ed1ab_0
  - wget=1.21.4=hda4d442_0
  - wheel=0.43.0=pyhd8ed1ab_1
  - xz=5.2.6=h166bdaf_0
  - zlib=1.2.13=h4ab18f5_6
  - zstd=1.5.6=ha6fb4c9_0
  - pip:
      - kegg-pathway-profiler==2024.9.21
      - pyhmmsearch==2024.10.20
      - pykofamsearch==2024.11.8.post1